174.21	404.81	174.20	404.98	173.13	404.81	173.13	404.81	173.13	404.81	
175.15	401.07	175.15	401.24	174.07	401.08	174.07	401.08	174.07	401.08	
176.09	397.33	176.09	397.49	175.02	397.35	175.02	397.35	175.02	397.35	
177.03	393.59	177.03	393.75	175.95	393.62	175.95	393.62	175.95	393.62	
177.84	389.82	177.84	389.97	176.77	389.87	176.77	389.87	176.77	389.87	
178.66	386.06	178.66	386.20	177.58	386.11	177.58	386.11	177.58	386.11	
179.52	382.30	179.46	382.42	178.44	382.36	178.44	382.36	178.44	382.36	
180.55	378.58	180.15	378.62	179.46	378.66	179.46	378.66	179.46	378.66	
181.58	374.87	180.84	374.82	180.49	374.95	180.49	374.95	180.49	374.95	
182.58	371.15	181.58	371.04	181.48	371.24	181.48	371.24	181.48	371.24	
183.48	367.40	182.49	367.28	182.38	367.50	182.38	367.50	182.38	367.50	
184.39	363.65	183.39	363.53	183.28	363.76	183.28	363.76	183.28	363.76	
185.36	359.92	184.36	359.79	184.25	360.04	184.25	360.04	184.25	360.04	
186.46	356.23	185.46	356.09	185.34	356.35	185.34	356.35	185.34	356.35	
187.55	352.53	186.55	352.39	186.43	352.67	186.43	352.67	186.43	352.67	
188.69	348.85	187.69	348.70	187.56	348.99	187.56	348.99	187.56	348.99	
189.87	345.18	188.87	345.03	188.74	345.33	188.74	345.33	188.74	345.33	
191.05	341.51	190.06	341.35	189.92	341.67	189.92	341.67	189.92	341.67	
192.16	337.82	191.34	337.71	191.20	338.05	191.20	338.05	191.20	338.05	
193.19	334.10	192.72	334.11	192.57	334.46	192.57	334.46	192.57	334.46	
194.23	330.39	194.10	330.50	193.95	330.87	193.95	330.87	193.95	330.87	
195.39	326.72	195.39	326.86	195.44	327.33	195.44	327.33	195.44	327.33	
196.63	323.07	196.64	323.21	197.02	323.82	197.02	323.82	197.02	323.82	
197.88	319.42	197.88	319.55	198.59	320.31	198.59	320.31	198.59	320.31	
199.15	315.78	199.16	315.91	200.21	316.82	200.21	316.82	200.21	316.82	
200.44	312.15	200.45	312.27	201.84	313.34	201.84	313.34	201.84	313.34	
201.72	308.51	201.74	308.63	203.47	309.86	203.47	309.86	203.47	309.86	
203.22	304.96	203.24	305.08	205.33	306.49	205.33	306.49	205.33	306.49	
204.78	301.44	204.80	301.54	207.25	303.16	207.25	303.16	207.25	303.16	
206.34	297.91	206.36	298.01	209.17	299.83	209.17	299.83	209.17	299.83	
208.12	294.49	208.15	294.59	211.04	296.47	211.04	296.47	211.04	296.47	
209.94	291.09	209.96	291.19	212.89	293.10	212.89	293.10	212.89	293.10	
211.76	287.69	211.78	287.78	214.75	289.73	214.75	289.73	214.75	289.73	
213.95	284.52	213.98	284.60	216.96	286.59	216.96	286.59	216.96	286.59	
216.15	281.36	216.18	281.43	219.19	283.46	219.19	283.46	219.19	283.46	
218.37	278.21	218.40	278.28	221.42	280.32	221.42	280.32	221.42	280.32	
220.83	275.24	220.87	275.31	223.58	277.15	223.58	277.15	223.58	277.15	
223.29	272.27	223.33	272.34	225.75	273.97	225.75	273.97	225.75	273.97	
225.77	269.33	225.82	269.38	227.93	270.81	227.93	270.81	227.93	270.81	
228.38	266.49	228.44	266.54	230.24	267.73	230.24	267.73	230.24	267.73	
231.00	263.65	231.05	263.70	232.54	264.65	232.54	264.65	232.54	264.65	
233.66	260.87	233.72	260.91	234.89	261.61	234.89	261.61	234.89	261.61	
236.49	258.25	236.55	258.29	237.36	258.66	237.36	258.66	237.36	258.66	
239.31	255.63	239.38	255.67	239.83	255.72	239.83	255.72	239.83	255.72	
242.10	252.97	242.18	253.00	242.37	252.84	242.37	252.84	242.37	252.84	
244.80	250.22	244.88	250.25	245.07	250.09	245.07	250.09	245.07	250.09	
247.51	247.47	247.59	247.49	247.76	247.35	247.76	247.35	247.76	247.35	
250.22	244.73	250.30	244.75	250.47	244.62	250.47	244.62	250.47	244.62	
252.94	242.00	253.03	242.01	253.18	241.89	253.18	241.89	253.18	241.89	
255.66	239.27	255.75	239.28	255.90	239.17	255.90	239.17	255.90	239.17	
258.46	236.62	258.56	236.63	258.69	236.53	258.69	236.53	258.69	236.53	
261.34	234.06	261.44	234.06	261.56	233.97	261.56	233.97	261.56	233.97	
264.22	231.49	264.32	231.49	264.43	231.42	264.43	231.42	264.43	231.42	
267.17	229.02	267.28	229.02	267.38	228.95	267.38	228.95	267.38	228.95	
270.18	226.61	270.30	226.60	270.38	226.55	270.38	226.55	270.38	226.55	
273.19	224.20	273.31	224.19	273.38	224.14	273.38	224.14	273.38	224.14	
276.42	222.12	276.55	222.11	276.61	222.07	276.61	222.07	276.61	222.07	
279.77	220.20	279.90	220.18	279.94	220.15	279.94	220.15	279.94	220.15	
283.11	218.27	283.24	218.25	283.27	218.23	283.27	218.23	283.27	218.23	
286.64	216.76	286.79	216.74	286.80	216.73	286.80	216.73	286.80	216.73	
290.24	215.38	290.39	215.36	290.39	215.35	290.39	215.35	290.39	215.35	
293.84	214.00	293.99	213.97	293.98	213.97	293.98	213.97	293.98	213.97	
297.61	213.22	297.77	213.19	297.73	213.19	297.73	213.19	297.73	213.19	
301.40	212.54	301.57	212.52	301.52	212.52	301.52	212.52	301.52	212.52	
305.20	211.87	305.37	211.84	305.31	211.85	305.31	211.85	305.31	211.85	
309.04	212.14	309.21	212.11	309.13	212.12	309.13	212.12	309.13	212.12	
312.88	212.48	313.06	212.45	312.97	212.45	312.97	212.45	312.97	212.45	
316.72	212.82	316.90	212.79	316.79	212.79	316.79	212.79	316.79	212.79	
320.50	213.56	320.69	213.54	320.57	213.53	320.57	213.53	320.57	213.53	
324.28	214.30	324.48	214.28	324.34	214.27	324.34	214.27	324.34	214.27	
328.05	215.10	328.26	215.07	328.10	215.07	328.10	215.07	328.10	215.07	
331.72	216.29	331.93	216.26	331.76	216.25	331.76	216.25	331.76	216.25	
335.39	217.47	335.60	217.45	335.42	217.43	335.42	217.43	335.42	217.43	
338.95	218.87	339.22	218.78	338.97	218.83	338.97	218.83	338.97	218.83	
342.09	221.10	342.61	220.63	342.11	221.04	342.11	221.04	342.11	221.04	
345.24	223.33	345.99	222.48	345.26	223.25	345.26	223.25	345.26	223.25	
348.24	225.73	349.15	224.62	348.25	225.64	348.25	225.64	348.25	225.64	
350.87	228.54	351.77	227.46	350.86	228.47	350.86	228.47	350.86	228.47	
353.50	231.36	354.39	230.30	353.47	231.29	353.47	231.29	353.47	231.29	
355.86	234.38	356.85	233.27	355.93	234.23	355.93	234.23	355.93	234.23	
357.77	237.72	359.05	236.43	358.16	237.37	358.16	237.37	358.16	237.37	
359.69	241.07	361.26	239.60	360.38	240.51	360.38	240.51	360.38	240.51	
361.48	244.48	363.21	242.92	362.33	243.80	362.33	243.80	362.33	243.80	
363.14	247.96	364.86	246.41	363.99	247.27	363.99	247.27	363.99	247.27	
364.81	251.44	366.50	249.90	365.65	250.74	365.65	250.74	365.65	250.74	
366.45	254.92	368.15	253.40	367.29	254.22	367.29	254.22	367.29	254.22	
368.08	258.42	369.79	256.89	368.92	257.70	368.92	257.70	368.92	257.70	
369.71	261.91	371.42	260.39	370.54	261.18	370.54	261.18	370.54	261.18	
371.42	265.36	373.16	263.84	372.26	264.62	372.26	264.62	372.26	264.62	
373.17	268.80	374.94	267.26	374.03	268.03	374.03	268.03	374.03	268.03	
374.91	272.24	376.73	270.68	375.80	271.45	375.80	271.45	375.80	271.45	
377.06	275.43	378.66	274.03	377.96	274.62	377.96	274.62	377.96	274.62	
379.34	278.53	380.64	277.34	380.25	277.70	380.25	277.70	380.25	277.70	
381.62	281.64	382.62	280.65	382.55	280.79	382.55	280.79	382.55	280.79	
384.15	284.55	384.81	283.83	384.79	283.92	384.79	283.92	384.79	283.92	
386.72	287.42	387.04	286.98	387.01	287.05	387.01	287.05	387.01	287.05	
389.30	290.29	389.27	290.13	389.23	290.19	389.23	290.19	389.23	290.19	
391.87	293.16	391.49	293.29	391.45	293.33	391.45	293.33	391.45	293.33	
394.45	296.02	393.71	296.45	393.66	296.48	393.66	296.48	393.66	296.48	
397.03	298.89	395.94	299.61	395.87	299.63	395.87	299.63	395.87	299.63	
