152.40	364.31	150.45	362.94	149.44	362.28	150.48	362.82	148.48	361.68	
154.13	361.21	152.49	360.05	151.49	359.39	152.20	359.71	150.52	358.77	
155.86	358.12	154.53	357.16	153.54	356.51	153.92	356.61	152.55	355.87	
157.59	355.02	156.57	354.26	155.59	353.62	155.63	353.51	154.58	352.96	
159.20	351.87	158.50	351.29	157.53	350.65	157.24	350.35	156.51	349.98	
160.79	348.70	160.41	348.31	159.45	347.68	158.84	347.18	158.43	347.00	
162.39	345.54	162.33	345.33	161.38	344.72	160.44	344.01	160.34	344.01	
163.98	342.36	163.96	342.19	163.28	341.73	162.29	340.99	162.25	341.02	
165.56	339.19	165.53	339.01	165.18	338.73	164.19	338.00	164.15	338.03	
167.14	336.02	167.10	335.84	167.07	335.74	166.10	335.00	166.06	335.03	
168.80	332.89	168.77	332.72	168.83	332.67	167.86	331.93	167.82	331.96	
170.51	329.78	170.48	329.61	170.54	329.57	169.57	328.82	169.53	328.85	
172.21	326.67	172.19	326.51	172.24	326.47	171.28	325.71	171.24	325.74	
174.24	323.78	174.03	323.48	174.08	323.44	173.11	322.68	173.07	322.70	
176.48	321.03	175.94	320.50	176.00	320.46	175.01	319.68	174.98	319.71	
178.72	318.28	177.85	317.52	177.91	317.48	176.91	316.69	176.88	316.71	
180.94	315.51	179.91	314.64	179.96	314.60	178.95	313.79	178.91	313.81	
183.13	312.73	182.08	311.84	182.13	311.81	181.11	310.97	181.07	311.00	
185.32	309.94	184.25	309.05	184.31	309.01	183.27	308.16	183.23	308.18	
187.58	307.21	186.50	306.31	186.55	306.27	185.50	305.41	185.47	305.43	
189.93	304.56	188.83	303.64	188.88	303.61	187.83	302.74	187.80	302.76	
192.28	301.90	191.16	300.98	191.21	300.94	190.17	300.06	190.13	300.09	
194.58	299.21	193.46	298.28	193.51	298.25	192.47	297.36	192.43	297.38	
196.79	296.43	195.68	295.52	195.73	295.49	194.70	294.61	194.67	294.63	
198.99	293.65	197.90	292.76	197.95	292.73	196.93	291.85	196.90	291.87	
201.20	290.87	200.12	290.00	200.17	289.97	199.15	289.09	199.12	289.11	
203.40	288.10	202.31	287.22	202.36	287.19	201.34	286.30	201.31	286.32	
205.61	285.33	204.51	284.44	204.55	284.41	203.53	283.51	203.50	283.52	
207.85	282.58	206.74	281.69	206.78	281.66	205.75	280.74	205.72	280.76	
210.26	279.97	209.12	279.07	209.17	279.04	208.13	278.11	208.10	278.12	
212.67	277.37	211.51	276.45	211.55	276.43	210.50	275.47	210.47	275.49	
215.08	274.77	213.91	273.84	213.95	273.82	212.88	272.84	212.86	272.86	
217.58	272.26	216.42	271.34	216.46	271.32	215.40	270.34	215.37	270.36	
220.09	269.76	218.93	268.84	218.97	268.82	217.91	267.84	217.88	267.85	
222.60	267.25	221.43	266.34	221.47	266.32	220.42	265.33	220.40	265.35	
224.92	264.57	224.04	263.95	224.08	263.93	223.04	262.94	223.01	262.96	
227.23	261.88	226.65	261.56	226.69	261.54	225.66	260.55	225.64	260.57	
229.55	259.20	229.27	259.16	229.30	259.14	228.28	258.17	228.26	258.18	
232.13	256.77	231.89	256.79	231.93	256.77	231.15	256.09	231.13	256.10	
234.74	254.38	234.53	254.42	234.56	254.40	234.06	254.05	234.04	254.06	
237.36	251.98	237.16	252.04	237.19	252.03	236.96	252.02	236.94	252.03	
240.17	249.83	239.97	249.89	240.00	249.88	239.84	249.94	239.81	249.95	
243.03	247.73	242.82	247.80	242.86	247.78	242.70	247.84	242.68	247.85	
245.89	245.64	245.68	245.71	245.71	245.69	245.56	245.75	245.54	245.76	
248.83	243.65	248.61	243.72	248.64	243.71	248.49	243.75	248.48	243.76	
251.79	241.70	251.57	241.78	251.60	241.76	251.46	241.81	251.44	241.82	
254.76	239.76	254.54	239.84	254.57	239.82	254.43	239.87	254.41	239.87	
257.79	237.93	257.57	238.01	257.60	238.00	257.46	238.04	257.45	238.05	
260.88	236.19	260.65	236.26	260.68	236.25	260.55	236.29	260.53	236.30	
263.96	234.44	263.73	234.52	263.76	234.51	263.64	234.54	263.62	234.55	
267.07	232.73	266.84	232.81	266.86	232.80	266.74	232.83	266.73	232.84	
270.19	231.05	269.96	231.14	269.98	231.13	269.87	231.15	269.85	231.16	
273.32	229.38	273.08	229.46	273.10	229.45	273.00	229.48	272.98	229.48	
276.52	227.87	276.28	227.96	276.30	227.95	276.20	227.98	276.19	227.98	
279.84	226.62	279.60	226.71	279.61	226.70	279.52	226.72	279.51	226.73	
283.16	225.37	282.91	225.46	282.93	225.45	282.84	225.47	282.82	225.47	
286.53	224.31	286.29	224.50	286.31	224.50	286.22	224.51	286.21	224.52	
290.02	223.69	289.82	224.21	289.84	224.20	289.76	224.22	289.75	224.22	
293.51	223.08	293.35	223.91	293.36	223.90	293.29	223.92	293.28	223.92	
297.01	222.66	296.88	223.74	296.89	223.74	296.82	223.75	296.82	223.76	
300.54	222.97	300.41	224.06	300.42	224.05	300.36	224.06	300.35	224.07	
304.07	223.27	303.94	224.37	303.95	224.36	303.89	224.38	303.88	224.38	
307.60	223.62	307.46	224.72	307.47	224.71	307.42	224.73	307.41	224.74	
311.09	224.26	310.94	225.37	310.95	225.37	310.90	225.38	310.90	225.39	
314.57	224.91	314.42	226.02	314.43	226.02	314.39	226.04	314.39	226.04	
318.05	225.57	317.90	226.69	317.91	226.68	317.87	226.70	317.87	226.70	
321.35	226.88	321.30	227.68	321.31	227.67	321.28	227.69	321.28	227.70	
324.64	228.19	324.70	228.67	324.71	228.66	324.69	228.69	324.68	228.69	
327.94	229.51	328.10	229.66	328.11	229.65	328.09	229.68	328.09	229.68	
331.08	231.15	331.25	231.28	331.25	231.28	331.24	231.30	331.24	231.31	
334.21	232.82	334.37	232.95	334.37	232.94	334.37	232.97	334.37	232.98	
337.34	234.48	337.50	234.62	337.50	234.60	337.50	234.64	337.50	234.65	
340.15	236.62	340.31	236.75	340.31	236.74	340.32	236.78	340.32	236.79	
342.91	238.85	343.07	238.98	343.07	238.96	343.08	239.01	343.08	239.01	
345.67	241.08	345.83	241.20	345.82	241.19	345.84	241.23	345.84	241.24	
348.14	243.61	348.29	243.73	348.29	243.72	348.31	243.77	348.31	243.77	
350.52	246.24	350.67	246.36	350.66	246.35	350.68	246.40	350.69	246.41	
352.89	248.88	353.04	248.99	353.03	248.98	353.06	249.04	353.06	249.05	
354.94	251.75	355.29	251.72	355.28	251.71	355.10	251.92	355.11	251.93	
356.83	254.75	357.48	254.51	357.47	254.49	356.97	254.93	356.98	254.94	
358.71	257.76	359.67	257.29	359.67	257.27	358.85	257.94	358.85	257.96	
360.57	260.78	361.66	260.21	361.65	260.19	360.70	260.97	360.71	260.98	
362.40	263.82	363.49	263.24	363.48	263.22	362.54	264.00	362.55	264.01	
364.23	266.85	365.33	266.28	365.32	266.25	364.39	267.03	364.39	267.04	
366.11	269.85	367.22	269.27	367.21	269.25	366.43	269.92	366.43	269.93	
368.05	272.82	369.18	272.22	369.16	272.20	368.69	272.65	368.70	272.66	
370.00	275.79	371.13	275.17	371.12	275.15	370.96	275.37	370.97	275.39	
372.08	278.64	373.24	278.01	373.23	277.99	373.26	278.07	373.27	278.09	
374.42	281.31	375.59	280.66	375.58	280.63	375.61	280.73	375.62	280.74	
376.75	283.98	377.94	283.31	377.93	283.28	377.97	283.38	377.98	283.40	
379.09	286.65	380.28	285.97	380.27	285.94	380.32	286.04	380.32	286.06	
381.42	289.32	382.61	288.63	382.60	288.61	382.65	288.71	382.66	288.73	
383.75	291.99	384.94	291.30	384.93	291.27	384.98	291.38	384.99	291.40	
386.08	294.66	387.27	293.97	387.25	293.94	387.31	294.06	387.32	294.08	
388.41	297.34	389.60	296.64	389.58	296.61	389.64	296.73	389.65	296.75	
390.74	300.01	391.92	299.32	391.90	299.28	391.97	299.41	391.98	299.43	
393.06	302.69	394.25	301.99	394.23	301.95	394.30	302.08	394.31	302.10	
395.41	305.35	396.59	304.64	396.57	304.61	396.65	304.74	396.66	304.76	
397.75	308.01	398.94	307.30	398.91	307.26	398.99	307.40	399.01	307.42	
400.10	310.67	401.28	309.96	401.26	309.92	401.34	310.06	401.35	310.08	
