120.46	360.97	119.48	360.82	119.47	360.88	119.46	360.92	119.44	361.18	
121.66	357.60	121.02	357.58	121.01	357.64	121.00	357.68	120.98	357.94	
122.87	354.22	122.55	354.34	122.54	354.40	122.53	354.44	122.51	354.70	
124.08	350.85	124.09	351.10	124.08	351.15	124.07	351.19	124.05	351.46	
125.35	347.50	125.69	347.89	125.68	347.94	125.67	347.98	125.65	348.26	
126.63	344.15	127.29	344.69	127.28	344.73	127.27	344.77	127.25	345.05	
127.90	340.80	128.89	341.48	128.88	341.52	128.88	341.56	128.85	341.84	
129.28	337.49	130.27	338.17	130.27	338.22	130.26	338.25	130.23	338.54	
130.66	334.19	131.66	334.87	131.66	334.91	131.65	334.94	131.62	335.23	
132.05	330.88	133.05	331.56	133.04	331.60	133.04	331.63	133.00	331.93	
133.51	327.61	134.52	328.29	134.51	328.33	134.51	328.36	134.47	328.66	
134.97	324.34	135.99	325.02	135.99	325.06	135.98	325.09	135.94	325.39	
136.44	321.06	137.46	321.75	137.46	321.79	137.45	321.81	137.41	322.12	
138.15	317.92	138.84	318.44	138.84	318.47	138.83	318.50	139.12	318.97	
139.87	314.77	140.21	315.13	140.21	315.16	140.21	315.19	140.82	315.81	
141.59	311.63	141.59	311.82	141.59	311.85	141.59	311.88	142.52	312.66	
143.31	308.49	143.06	308.55	143.06	308.58	143.06	308.60	144.34	309.57	
145.03	305.34	144.52	305.28	144.52	305.30	144.52	305.33	146.15	306.47	
146.75	302.20	145.99	302.01	145.99	302.03	145.99	302.05	147.96	303.38	
148.41	299.02	147.83	298.93	147.83	298.95	147.83	298.97	150.17	300.56	
150.06	295.84	149.67	295.85	149.67	295.87	149.68	295.89	152.38	297.74	
151.71	292.66	151.51	292.77	151.52	292.80	151.52	292.81	154.59	294.92	
153.46	289.53	153.56	289.83	153.56	289.85	153.57	289.87	156.68	292.00	
155.21	286.40	155.60	286.89	155.61	286.91	155.61	286.92	158.77	289.09	
156.95	283.27	157.65	283.94	157.66	283.96	157.66	283.97	160.85	286.18	
159.13	280.43	159.83	281.10	159.84	281.11	159.85	281.13	162.72	283.12	
161.31	277.59	162.01	278.25	162.02	278.27	162.03	278.28	164.58	280.05	
163.49	274.74	164.20	275.41	164.21	275.42	164.21	275.43	166.45	276.99	
165.92	272.11	166.55	272.71	166.57	272.72	166.58	272.73	168.49	274.05	
168.35	269.47	168.91	270.01	168.93	270.02	168.94	270.03	170.53	271.10	
170.78	266.84	171.27	267.31	171.29	267.32	171.30	267.33	172.57	268.15	
173.41	264.40	173.87	264.84	173.88	264.84	173.89	264.85	174.82	265.37	
176.04	261.97	176.46	262.36	176.48	262.37	176.49	262.37	177.08	262.58	
178.67	259.54	179.05	259.88	179.07	259.89	179.09	259.89	179.33	259.79	
181.40	257.21	181.67	257.43	181.69	257.43	181.70	257.44	181.95	257.34	
184.12	254.88	184.28	254.98	184.31	254.98	184.32	254.98	184.56	254.89	
186.85	252.55	186.90	252.53	186.92	252.53	186.94	252.53	187.18	252.44	
189.73	250.42	189.78	250.39	189.81	250.39	189.82	250.39	190.06	250.30	
192.61	248.28	192.66	248.26	192.69	248.26	192.70	248.26	192.94	248.17	
195.48	246.15	195.54	246.12	195.57	246.12	195.59	246.12	195.82	246.04	
198.67	244.52	198.73	244.49	198.76	244.48	198.78	244.48	199.00	244.40	
201.86	242.88	201.92	242.85	201.95	242.85	201.97	242.85	202.19	242.76	
205.05	241.24	205.11	241.21	205.14	241.21	205.17	241.21	205.38	241.13	
208.45	240.12	208.51	240.09	208.55	240.08	208.57	240.08	208.78	240.00	
211.85	238.99	211.92	238.96	211.95	238.95	211.98	238.95	212.19	238.88	
215.26	237.87	215.32	237.84	215.36	237.83	215.39	237.82	215.59	237.75	
218.77	237.15	218.83	237.12	218.88	237.11	218.90	237.11	219.10	237.04	
222.28	236.44	222.35	236.41	222.39	236.40	222.42	236.40	222.61	236.32	
225.79	235.72	225.86	235.69	225.91	235.68	225.93	235.68	226.13	235.61	
229.36	235.36	229.43	235.33	229.47	235.32	229.50	235.32	229.69	235.25	
232.92	235.00	232.99	234.97	233.04	234.96	233.07	234.96	233.26	234.89	
236.49	234.64	236.56	234.61	236.61	234.60	236.65	234.60	236.83	234.53	
240.07	234.64	240.15	234.61	240.20	234.60	240.23	234.60	240.41	234.53	
243.66	234.64	243.73	234.61	243.79	234.60	243.82	234.60	243.99	234.53	
247.24	234.64	247.32	234.61	247.37	234.60	247.41	234.60	247.58	234.53	
250.76	235.29	250.84	235.26	250.90	235.25	250.94	235.25	251.15	234.84	
254.29	235.94	254.37	235.91	254.43	235.90	254.47	235.90	254.72	235.16	
257.81	236.59	257.90	236.56	257.96	236.55	258.00	236.55	258.29	235.47	
261.27	237.54	261.35	237.51	261.42	237.50	261.46	237.50	261.75	236.41	
264.72	238.49	264.81	238.46	264.87	238.45	264.92	238.45	265.20	237.36	
268.18	239.44	268.27	239.41	268.33	239.40	268.38	239.40	268.66	238.30	
271.58	240.58	271.67	240.55	271.73	240.54	271.78	240.54	272.06	239.44	
274.98	241.72	275.07	241.69	275.14	241.68	275.18	241.68	275.46	240.58	
278.37	242.85	278.47	242.83	278.54	242.82	278.59	242.82	278.86	241.72	
281.74	244.09	281.83	244.06	282.01	243.72	282.06	243.72	282.23	242.94	
285.11	245.32	285.20	245.29	285.48	244.61	285.53	244.61	285.59	244.17	
288.47	246.55	288.57	246.52	288.96	245.51	289.01	245.51	288.96	245.39	
291.87	247.69	291.96	247.67	292.36	246.65	292.41	246.65	292.36	246.54	
295.26	248.84	295.36	248.81	295.76	247.79	295.81	247.79	295.76	247.68	
298.66	249.98	298.76	249.96	299.16	248.93	299.21	248.94	299.15	248.82	
301.92	251.46	302.02	251.44	302.26	250.73	302.50	250.38	302.43	250.26	
305.19	252.94	305.29	252.91	305.37	252.52	305.78	251.83	305.71	251.71	
308.45	254.42	308.56	254.39	308.48	254.32	309.06	253.28	308.99	253.16	
311.43	256.41	311.53	256.39	311.45	256.32	312.04	255.28	311.97	255.15	
314.40	258.41	314.51	258.39	314.43	258.32	315.02	257.28	314.95	257.15	
317.38	260.41	317.48	260.39	317.41	260.32	318.00	259.28	317.92	259.15	
320.44	262.27	320.55	262.25	320.48	262.18	321.06	261.15	320.98	261.02	
323.51	264.12	323.62	264.10	323.55	264.03	324.13	263.02	324.04	262.89	
326.57	265.98	326.69	265.96	326.62	265.89	327.19	264.89	327.10	264.76	
329.80	267.54	329.91	267.52	329.84	267.45	330.41	266.46	330.32	266.33	
333.03	269.10	333.14	269.09	333.07	269.02	333.64	268.04	333.54	267.90	
336.25	270.67	336.37	270.65	336.30	270.58	336.87	269.61	336.76	269.47	
339.47	272.23	339.59	272.22	339.53	272.15	340.10	271.17	339.99	271.03	
342.70	273.80	342.81	273.78	342.75	273.72	343.33	272.73	343.21	272.59	
345.92	275.37	346.04	275.35	345.98	275.29	346.56	274.30	346.44	274.15	
348.78	277.53	349.13	277.16	349.08	277.09	349.45	276.42	349.33	276.27	
351.64	279.68	352.23	278.96	352.17	278.90	352.34	278.54	352.22	278.39	
354.50	281.84	355.33	280.77	355.27	280.71	355.24	280.66	355.11	280.51	
357.21	284.19	358.05	283.10	358.00	283.04	357.97	282.99	357.84	282.83	
359.92	286.53	360.78	285.43	360.73	285.37	360.70	285.32	360.56	285.16	
362.63	288.87	363.51	287.76	363.46	287.70	363.42	287.65	363.29	287.49	
365.24	291.34	366.12	290.21	366.07	290.16	366.04	290.11	365.90	289.94	
367.84	293.80	368.73	292.67	368.68	292.61	368.65	292.57	368.51	292.40	
370.44	296.26	371.34	295.12	371.30	295.07	371.27	295.03	371.12	294.86	
373.02	298.76	373.92	297.61	373.88	297.56	373.85	297.51	373.70	297.34	
375.59	301.25	376.51	300.10	376.46	300.05	376.44	300.00	376.29	299.83	
378.17	303.74	379.09	302.58	379.05	302.53	379.02	302.49	378.87	302.31	
380.63	306.34	381.55	305.20	381.50	305.15	381.48	305.11	381.32	304.93	
383.09	308.95	384.00	307.81	383.96	307.76	383.94	307.72	383.78	307.54	
385.56	311.55	386.46	310.42	386.42	310.37	386.39	310.34	386.23	310.15	
