156.36	398.06	154.38	398.35	153.38	398.57	152.34	398.79	152.41	399.18	
156.03	394.36	154.38	394.64	153.39	394.85	152.34	395.07	152.75	395.48	
155.70	390.66	154.39	390.92	153.39	391.13	152.35	391.34	153.09	391.78	
155.38	386.96	154.39	387.21	153.39	387.42	152.35	387.61	153.42	388.07	
155.04	383.26	154.39	383.49	153.40	383.70	152.35	383.89	153.75	384.37	
154.71	379.56	154.40	379.77	153.40	379.99	152.35	380.16	154.08	380.67	
154.38	375.86	154.40	376.06	153.40	376.27	152.35	376.43	154.42	376.97	
154.02	372.17	154.37	372.34	153.37	372.56	152.33	372.71	154.72	373.26	
153.66	368.47	154.34	368.62	153.34	368.84	152.30	368.98	155.03	369.56	
153.30	364.78	154.32	364.91	153.32	365.13	152.27	365.25	155.33	365.85	
153.27	361.06	154.29	361.19	153.29	361.41	152.24	361.53	155.30	362.14	
153.24	357.35	154.26	357.48	153.26	357.70	152.22	357.80	155.27	358.42	
153.22	353.64	154.23	353.76	153.23	353.98	152.19	354.07	155.24	354.70	
153.52	349.93	154.20	350.04	153.53	350.28	152.49	350.36	155.21	350.98	
153.82	346.23	154.16	346.33	153.83	346.58	152.78	346.64	155.17	347.27	
154.12	342.53	154.13	342.61	154.13	342.87	153.08	342.93	155.14	343.55	
154.43	338.83	154.44	338.91	154.78	339.21	153.72	339.26	155.45	339.85	
154.74	335.13	154.75	335.21	155.42	335.55	154.37	335.59	155.76	336.14	
155.05	331.43	155.07	331.50	156.06	331.89	155.01	331.92	156.06	332.44	
155.40	327.73	155.41	327.80	156.73	328.24	155.68	328.25	156.40	328.73	
155.74	324.03	155.75	324.10	157.41	324.59	156.36	324.59	156.74	325.03	
156.08	320.34	156.09	320.40	158.08	320.93	157.03	320.92	157.08	321.33	
156.41	316.64	156.42	316.70	158.73	317.28	157.70	317.25	157.74	317.67	
156.73	312.94	156.75	313.00	159.39	313.62	158.36	313.59	158.40	314.01	
157.06	309.24	157.07	309.30	160.05	309.96	159.02	309.92	159.06	310.36	
157.44	305.54	157.46	305.60	160.43	306.27	159.41	306.21	159.78	306.71	
157.82	301.85	157.84	301.90	160.81	302.57	159.79	302.50	160.50	303.06	
158.20	298.16	158.22	298.21	161.20	298.88	160.17	298.80	161.22	299.42	
158.95	294.52	158.96	294.57	161.62	295.18	160.59	295.09	161.98	295.78	
159.70	290.88	159.71	290.93	162.03	291.49	161.01	291.39	162.74	292.14	
160.45	287.24	160.46	287.29	162.45	287.80	161.42	287.69	163.49	288.50	
161.47	283.68	161.48	283.71	163.15	284.15	162.12	284.03	164.54	284.93	
162.50	280.11	162.51	280.14	163.85	280.50	162.82	280.37	165.59	281.36	
163.53	276.54	163.53	276.57	164.55	276.85	163.52	276.71	166.63	277.80	
164.76	273.03	164.77	273.07	165.45	273.25	164.76	273.19	167.55	274.19	
165.98	269.53	166.01	269.56	166.36	269.65	165.99	269.67	168.46	270.59	
167.21	266.02	167.25	266.06	167.27	266.04	167.23	266.16	169.38	266.99	
168.75	262.64	168.78	262.67	168.80	262.66	168.76	262.76	170.60	263.47	
170.28	259.26	170.31	259.29	170.33	259.27	170.30	259.37	171.81	259.96	
171.82	255.88	171.84	255.90	171.86	255.89	171.83	255.97	173.03	256.45	
174.00	252.88	174.02	252.89	174.04	252.88	174.02	252.95	174.89	253.23	
176.19	249.87	176.21	249.89	176.23	249.88	176.21	249.94	176.75	250.02	
178.37	246.87	178.39	246.88	178.41	246.87	178.41	246.93	178.62	246.80	
180.97	244.21	180.99	244.23	181.01	244.22	181.01	244.26	181.22	244.14	
183.56	241.56	183.59	241.57	183.61	241.56	183.62	241.60	183.81	241.48	
186.16	238.90	186.19	238.91	186.21	238.90	186.22	238.93	186.41	238.83	
189.20	236.77	189.23	236.77	189.25	236.77	189.27	236.79	189.45	236.69	
192.23	234.63	192.27	234.63	192.28	234.63	192.32	234.64	192.49	234.55	
195.27	232.49	195.30	232.50	195.32	232.49	195.37	232.50	195.53	232.41	
198.74	231.17	198.78	231.18	198.79	231.17	198.85	231.17	199.01	231.09	
202.21	229.85	202.25	229.86	202.27	229.85	202.33	229.85	202.48	229.77	
205.69	228.53	205.73	228.54	205.74	228.53	205.82	228.53	205.96	228.45	
209.33	227.84	209.38	227.84	209.39	227.83	209.48	227.83	209.61	227.75	
212.98	227.15	213.03	227.15	213.04	227.14	213.14	227.13	213.26	227.06	
216.63	226.45	216.68	226.45	216.69	226.45	216.80	226.44	216.91	226.36	
220.34	226.46	220.39	226.46	220.41	226.45	220.53	226.44	220.63	226.37	
224.06	226.46	224.11	226.46	224.12	226.46	224.25	226.45	224.35	226.37	
227.77	226.47	227.83	226.47	227.84	226.46	227.98	226.46	228.07	226.38	
231.44	227.07	231.49	227.07	231.50	227.07	231.70	226.72	231.77	226.65	
235.10	227.68	235.16	227.68	235.17	227.67	235.42	226.99	235.48	226.92	
238.76	228.28	238.83	228.28	238.83	228.27	239.13	227.26	239.19	227.18	
242.34	229.28	242.41	229.28	242.41	229.27	242.72	228.25	242.77	228.17	
245.92	230.27	245.99	230.28	245.99	230.27	246.32	229.25	246.35	229.16	
249.50	231.27	249.57	231.27	249.57	231.26	249.91	230.24	249.94	230.15	
253.02	232.44	253.09	232.45	253.10	232.44	253.32	231.74	253.34	231.65	
256.54	233.61	256.62	233.62	256.62	233.61	256.73	233.24	256.74	233.15	
260.07	234.79	260.14	234.79	260.15	234.79	260.14	234.74	260.14	234.65	
263.48	236.25	263.56	236.26	263.56	236.25	263.57	236.21	263.56	236.11	
266.89	237.71	266.98	237.72	266.98	237.71	266.99	237.68	266.98	237.57	
270.31	239.17	270.39	239.18	270.39	239.17	270.42	239.14	270.40	239.04	
273.36	241.30	273.44	241.31	273.44	241.30	273.69	240.93	273.66	240.81	
276.40	243.42	276.49	243.43	276.49	243.42	276.97	242.71	276.93	242.59	
279.45	245.54	279.54	245.56	279.54	245.55	280.24	244.49	280.19	244.37	
282.39	247.80	282.49	247.82	282.49	247.81	283.20	246.75	283.15	246.62	
285.34	250.06	285.44	250.08	285.43	250.07	286.17	249.01	286.10	248.87	
288.29	252.32	288.39	252.34	288.38	252.33	289.13	251.27	289.06	251.13	
291.19	254.64	291.29	254.66	291.29	254.65	292.04	253.60	291.96	253.45	
294.09	256.96	294.19	256.98	294.19	256.96	294.95	255.93	294.86	255.78	
297.00	259.27	297.10	259.30	297.09	259.28	297.85	258.26	297.76	258.11	
300.06	261.38	300.16	261.40	300.16	261.39	300.92	260.38	300.82	260.21	
303.12	263.48	303.23	263.50	303.22	263.49	303.99	262.49	303.88	262.32	
306.18	265.58	306.29	265.61	306.28	265.59	307.06	264.60	306.95	264.43	
309.14	267.82	309.25	267.85	309.25	267.83	310.04	266.84	309.92	266.66	
312.11	270.06	312.22	270.09	312.21	270.07	313.03	269.07	312.89	268.89	
315.07	272.29	315.18	272.33	315.18	272.31	316.01	271.31	315.87	271.12	
317.94	274.65	318.05	274.69	318.04	274.67	318.90	273.65	318.76	273.46	
320.81	277.01	320.92	277.05	320.91	277.03	321.80	276.00	321.64	275.80	
323.67	279.37	323.79	279.41	323.78	279.39	324.69	278.35	324.53	278.14	
325.97	282.29	326.39	282.07	326.38	282.05	326.96	281.30	326.79	281.09	
328.27	285.21	328.99	284.72	328.98	284.70	329.23	284.26	329.06	284.04	
330.57	288.12	331.59	287.38	331.58	287.36	331.50	287.22	331.32	286.99	
332.43	291.34	333.43	290.61	333.42	290.59	333.34	290.46	333.16	290.22	
334.29	294.55	335.27	293.84	335.25	293.81	335.19	293.69	335.00	293.45	
336.14	297.77	337.11	297.07	337.09	297.04	337.03	296.93	336.84	296.68	
337.80	301.09	338.76	300.39	338.75	300.37	338.69	300.27	338.49	300.01	
339.46	304.41	340.41	303.72	340.40	303.70	340.35	303.61	340.15	303.34	
341.12	307.74	342.07	307.05	342.05	307.03	342.00	306.95	341.80	306.67	
342.69	311.10	343.63	310.42	343.62	310.39	343.58	310.33	343.37	310.04	
344.26	314.47	345.20	313.79	345.19	313.76	345.15	313.70	344.94	313.41	
345.83	317.83	346.77	317.16	346.75	317.13	346.72	317.08	346.50	316.78	
